Context-Matters-intro.html
Context-Matters-instruction.html
Context-Matters-consent.html
3214001
3214005
3231005
2130001
3131004
3010006
3012006
1232002
2013004
1025004
2220002
2110001
3214003
1131001
2012003
3022006
2035003
2120001
3202008
2232005
3222008
3204006
3204005
2033001
1022000
3224004
1110004
3000006
2033003
3224005
3234004
2212005
3204000
1020003
3111004
2122004
2005002
3031003
2000000
1001000
1003000
3204002
3234006
3234003
2023004
3214006
3011003
3201005
3025005
1005000
1220005
3015005
2015003
1112001
2233002
1035000
2003003
3224000
3204003
1111001
2213002
2230002
2023003
2200002
3224003
2003004
2035002
1015004
2003001
1013000
3234000
3214004
2132004
1025000
2002003
2102004
2222005
3121004
1010003
1035004
3214002
3035005
3030006
1212002
1222002
3224006
1122001
2030000
2025002
2210002
3002006
1033000
3211005
1200005
1202002
3102007
1130004
1025001
2013001
1100004
1211002
3001003
3032006
1210005
1021000
3122007
1230005
1035001
1011000
2022003
2032003
1012000
3005005
3101004
2203002
2005003
3020006
3234002
2015002
3234001
1101001
1015001
1102001
1032000
1015000
2223002
2100001
3224001
2010000
2033004
1005004
1121001
1030003
3224002
3021003
2023001
3221005
2013003
3112007
3132007
3232008
2202005
1120004
3204001
1221002
3212008
2025003
3234005
1201002
1031000
1002000
3214000
1000003
2020000
1023000
2112004
1005001
1231002
1132001
3204004
Context-Matters-experience.html
Context-Matters-demographic_questions.html
Context-Matters-end.html
