Context-Matters-intro.html
Context-Matters-instruction.html
Context-Matters-consent.html
1005001
1035000
3234004
1005004
1232002
1031000
1122001
2230002
2222005
3121004
1035004
2233002
3214003
1022000
1025004
1032000
1210005
3234000
3224004
2100001
3031003
2030000
2220002
1030003
2112004
3015005
2120001
1220005
1001000
3204004
2003004
3111004
2015003
2003003
1015004
1221002
1013000
3011003
3204006
2210002
3201005
3224000
3132007
1005000
3131004
3020006
2223002
2005003
1012000
1212002
2130001
3202008
2132004
2025003
1102001
3122007
3204005
1131001
1015001
2000000
3032006
3204002
2232005
3214006
3010006
1222002
2212005
3012006
2102004
1025001
2013004
1130004
1202002
2213002
2020000
2002003
3224001
3005005
2023004
3022006
1021000
2110001
2013003
2010000
3211005
3000006
3112007
2033004
2023001
2035003
2013001
3021003
2200002
1132001
1100004
1035001
3224002
3204000
3035005
3214005
1201002
3234001
3214002
2015002
3224003
1231002
3234003
2003001
3214001
1025000
2012003
1011000
1033000
1200005
2025002
1015000
3234002
3025005
3214004
3212008
2203002
3101004
2032003
1110004
2033003
3204001
2005002
3232008
3234005
1020003
1230005
2023003
1003000
1000003
3231005
1002000
2122004
1121001
1111001
2035002
3221005
3214000
1101001
3002006
1211002
3102007
3001003
3224006
3234006
1010003
3222008
3224005
1120004
2202005
3030006
1112001
3204003
1023000
2022003
2033001
Context-Matters-experience.html
Context-Matters-demographic_questions.html
Context-Matters-end.html
