Context-Matters-intro.html
Context-Matters-instruction.html
Context-Matters-consent.html
3224002
1025000
3122007
2230002
2232005
1232002
1005001
1001000
3224004
2025003
2035002
3234004
1005004
3204004
3214004
2012003
3121004
2033001
2013004
3224005
1101001
3212008
3101004
3202008
3214005
3111004
3234001
2023004
2220002
3020006
1130004
2032003
3204000
1221002
3214006
2002003
3234005
2122004
2110001
2005003
3131004
2023003
2022003
3221005
3204006
1111001
1035004
3204002
3021003
1212002
3211005
1031000
3015005
1220005
1211002
3001003
3224001
1131001
2000000
2203002
3000006
2102004
2005002
3201005
1015001
3035005
2025002
1005000
3214002
3002006
1120004
1003000
2210002
1022000
1102001
3030006
2223002
1210005
1222002
1023000
1010003
1121001
1035000
1132001
1032000
3222008
1122001
1000003
1015004
3005005
2003001
2132004
1035001
1030003
3204003
1100004
3025005
3224000
2212005
3214000
2013001
3214003
1012000
3112007
2003004
3132007
3010006
1033000
1230005
2020000
3032006
2015003
1025001
2130001
3214001
2202005
1025004
3022006
2013003
2233002
3224006
2033003
1002000
1231002
2015002
1011000
2112004
3231005
1021000
2222005
2023001
3234002
1020003
3012006
2003003
2213002
2100001
1110004
1013000
2035003
2120001
1112001
1015000
3232008
3234000
1201002
3031003
2200002
1200005
1202002
3204001
2033004
3102007
3234003
2010000
3224003
3234006
3011003
2030000
3204005
Context-Matters-experience.html
Context-Matters-demographic_questions.html
Context-Matters-end.html
