Context-Matters-intro.html
Context-Matters-instruction.html
Context-Matters-consent.html
2015002
1210005
2030000
2210002
2213002
2032003
2035002
2122004
3212008
1231002
1005004
1130004
1005000
2013003
1025001
2015003
2003001
2025003
1112001
3214004
1035000
2022003
3224005
3002006
3234000
1220005
1020003
3204003
2233002
1010003
3234004
2102004
3231005
3000006
1023000
2023003
2132004
1022000
2230002
3005005
2212005
1001000
1030003
3224000
2232005
1035001
2100001
1110004
1102001
3030006
1013000
1021000
3111004
3204006
1033000
3202008
3204001
1015001
1131001
1232002
2012003
1015004
1003000
3214002
2035003
3031003
3204004
3132007
2023001
3025005
3221005
3214005
3011003
2130001
1000003
2025002
3214006
1032000
1122001
1101001
1222002
3234001
2005003
3214003
2000000
3234005
3224004
3101004
2003003
2222005
3204000
1012000
2005002
2013001
2203002
3224001
2200002
3015005
3232008
2002003
1202002
2202005
1212002
3021003
1132001
3121004
3214001
3224002
3234006
3010006
3122007
1005001
3102007
2110001
2010000
3035005
1121001
3234003
3222008
1100004
3112007
2033004
1035004
3131004
3012006
1201002
2013004
1200005
1025000
2120001
1011000
1211002
3224003
3201005
2220002
3022006
3214000
2023004
1111001
2223002
3234002
2033001
3224006
3020006
1015000
2020000
3032006
1221002
1230005
3211005
2003004
2112004
3204002
1120004
1031000
1002000
2033003
1025004
3001003
3204005
Context-Matters-experience.html
Context-Matters-demographic_questions.html
Context-Matters-end.html
