Context-Matters-intro.html
Context-Matters-instruction.html
Context-Matters-consent.html
3112007
3214000
1211002
3005005
3000006
1025000
3204005
3204000
2212005
1015001
2112004
3232008
1023000
3001003
1220005
1230005
1015004
3211005
3214004
3101004
3224001
3111004
2130001
2005003
1015000
2003001
3214003
3025005
2000000
2213002
1030003
2023003
1011000
3015005
3201005
3020006
1020003
2023001
3224002
2202005
2100001
3131004
1025001
2210002
2003003
2032003
1010003
3002006
1035000
1035001
2002003
3234002
3132007
2013003
3234000
3012006
2013004
2023004
1121001
1131001
1025004
3022006
1035004
3214006
3035005
3234004
2025002
3032006
3204003
3021003
1210005
1120004
2122004
3234006
1005004
2220002
3202008
3102007
1033000
1013000
1231002
3214002
1122001
3234003
1201002
2035003
1232002
2033003
1202002
3010006
3222008
2223002
2003004
1031000
2035002
3224006
2005002
1200005
3212008
2010000
2015003
1021000
1001000
3204001
1003000
1110004
2025003
3224003
2120001
2132004
3234001
2012003
1002000
1222002
1012000
2222005
2015002
2233002
3234005
1100004
2033001
1221002
3204004
2230002
3204006
1000003
3204002
1132001
3030006
3224004
2022003
1032000
2232005
2030000
3231005
3214001
2102004
3224005
1111001
3224000
1022000
1005001
2013001
3221005
1101001
1112001
3122007
1212002
3214005
2033004
2200002
1005000
1130004
2110001
1102001
3121004
2020000
3011003
3031003
2203002
Context-Matters-experience.html
Context-Matters-demographic_questions.html
Context-Matters-end.html
