Context-Matters-intro.html
Context-Matters-instruction.html
Context-Matters-consent.html
2210002
2025002
3011003
1220005
3101004
1015001
3214003
3025005
3204005
2010000
3214002
2023003
1005001
3224004
3204001
2223002
1011000
1210005
2025003
1035001
1122001
1100004
1033000
1025004
3035005
3234006
3211005
2015003
3122007
3224001
1010003
2120001
3212008
3001003
1211002
3202008
2122004
1212002
1015004
2233002
2023004
1032000
3234002
3204003
2130001
1111001
2003001
2032003
3012006
1202002
3005005
1001000
1231002
3214004
3132007
2203002
2102004
3234001
2033001
1015000
3031003
1013000
1121001
2012003
1025000
3204006
2232005
2033003
3214006
3224006
3204004
1030003
3201005
2000000
1232002
2230002
3214005
1012000
3010006
1023000
2220002
2003004
3131004
1002000
3234000
1000003
3111004
3000006
1200005
1005004
3022006
2030000
2022003
1035004
1221002
2222005
3002006
3232008
1110004
2002003
2132004
1035000
2013001
2020000
3020006
3102007
1101001
3224005
1201002
1132001
1130004
2015002
1102001
3030006
2003003
3021003
2023001
3234005
3015005
2213002
1020003
2005002
1131001
2110001
1005000
3224000
2212005
1230005
1222002
2100001
2013003
3234003
2013004
3222008
3112007
2035002
1031000
1003000
2112004
1022000
3231005
2202005
3214001
3204002
3204000
1112001
3224003
3221005
3121004
1025001
3032006
1120004
3214000
2200002
2033004
2035003
3224002
3234004
2005003
1021000
Context-Matters-experience.html
Context-Matters-demographic_questions.html
Context-Matters-end.html
