Context-Matters-intro.html
Context-Matters-instruction.html
Context-Matters-consent.html
1022000
3132007
1220005
1025001
3022006
2202005
3234003
1112001
2122004
3234004
3214005
3232008
3012006
2130001
3204001
1020003
2003003
1005001
1100004
1111001
1132001
2013003
2025003
1003000
2102004
1120004
3224004
1035000
1202002
3202008
3234005
3214002
1005004
2230002
2010000
3214000
3021003
2020000
3111004
1230005
2003004
1025004
2233002
3015005
3112007
3204003
1013000
3032006
3101004
1122001
3234006
3234002
3221005
2035002
2013004
3211005
3204000
1200005
3030006
1010003
2005002
2025002
1110004
3011003
2013001
3035005
1015004
3201005
1015001
3224006
1211002
1121001
2132004
3000006
1231002
1033000
3224000
1002000
2023003
2000000
3010006
3234001
1101001
2003001
2023004
2213002
3234000
1035004
1023000
1031000
3214003
1130004
2200002
2110001
3204006
3224003
1025000
3231005
2203002
3020006
1102001
1210005
3121004
3212008
2210002
2002003
2033001
2120001
2212005
3025005
2012003
2232005
2015003
3214006
3002006
3214004
1030003
3031003
1212002
1232002
2032003
1032000
3122007
1021000
3204005
1001000
2222005
3214001
1011000
2033003
2220002
2022003
3005005
3001003
3224005
3131004
3204002
3204004
1015000
1000003
1005000
3222008
2112004
1222002
1035001
1012000
2100001
2005003
3224002
2023001
2223002
1131001
1221002
3102007
2030000
2035003
2015002
3224001
1201002
2033004
Context-Matters-experience.html
Context-Matters-demographic_questions.html
Context-Matters-end.html
